start=1304.341000
pause=yes
volume=92.000000
fullscreen=yes
panscan=1.000000
